			**MAP**

000000000000000000000000+++++++++000000000000000000000000
0		0	NEXT FLOOR	0		0
0		0			0		0
0     Room      +			+     Room      0
0		+			+		0
0		0			0		0
0		0			0		0
00000000000000000			00000000000000000
0		0			0		0
0	  	0			0		0
0     Room      +			+     Room      0
0		+			+		0
0		0			0		0
0		0			0		0
00000000000000000			00000000000000000
0		0			0		0
0		0			0		0
0     Room      +			+     Room      0
0		+			+		0
0		0			0		0
0		0	   YOU 		0		0
000000000000000000000000+++++++++000000000000000000000000